Linux:
work times: { 12359, 12486, 12898, 12550, 12236, 12508, 12738, 12868, 12962, 12740, 12079, 12124, 12129, 12098, 12130, 12155, 12253, 12396, 12090, 12088, 12288, 12147, 12356, 12095, 12090, 12099, 12077, 12078, 12207, 12264, 12082, 12079, 12077, 12362, 12105, 12680, 12685, 12397, 12685, 12604, 12509, 12552, 12381, 12421, 12280, 12630, 12402, 12335, 12285, 12465, 12490, 12460, 12460, 12347, 12566, 12486, 12493, 12392, 12475, 12915, 12908, 12644, 12617, 12524, 12403, 12402, 12346, 12355, 12382, 12357, 12176, 12432, 12654, 12837, 12556, 12390, 12325, 12313, 12201, 12122, 12663, 13582, 12737, 12476, 12410, 12595, 12773, 12638, 12814, 12902, 12503, 12494, 12430, 12583, 12630, 12458, 12606, 12610, 12779, 12900}
mean: 12452.150000
mean diff: 204.650000


UEFI:
work times: { 12788, 12783, 12783, 12783, 12783, 12783, 12783, 12783, 12783, 12783, 12783, 12783, 12783, 12782, 12782, 12783, 12782, 12782, 12782, 12783, 12782, 12783, 12782, 12783, 12782, 12783, 12782, 12783, 12782, 12783, 12782, 12783, 12782, 12783, 12782, 12783, 12782, 12783, 12782, 12783, 12782, 12783, 12782, 12783, 12782, 12783, 12782, 12783, 12782, 12783, 12782, 12782, 12782, 12782, 12783, 12782, 12783, 12782, 12783, 12783, 12782, 12783, 12782, 12782, 12783, 12782, 12783, 12783, 12782, 12783, 12782, 12782, 12783, 12782, 12782, 12783, 12782, 12783, 12783, 12782, 12783, 12782, 12782, 12783, 12782, 12783, 12783, 12782, 12783, 12782, 12782, 12783, 12782, 12782, 12783, 12782, 12783, 12782, 12782, 12783}
mean: 12782.570000
mean diff: 0.570000
