12786
12848
12791
12837
12788
12809
12824
12823
12814
12853
12805
12816
12786
12823
12819
12801
12842
12831
12791
12795
12854
12807
12799
12828
12833
12831
12806
12843
12810
12823
12856
12813
12854
12825
12853
12790
12832
12809
12852
12823
12832
12828
12788
12810
12815
12816
12848
12807
12843
12835
12793
12844
12791
12794
12832
12814
12843
12829
12841
12840
12825
12788
12826
12788
12794
12843
12791
12796
12788
12805
12795
12785
12836
12807
12856
12818
12846
12800
12841
12795
12853
12812
12824
12823
12797
12842
12797
12826
12842
12790
12815
12813
12815
12823
12785
12841
12787
12833
12838
12810
