12142
12168
12205
12165
12178
12215
12163
12190
12213
12213
12164
12159
12113
12156
12224
12138
12139
12187
12119
12161
12201
12196
12210
12151
12216
12191
12204
12123
12157
12174
12172
12090
12118
12178
12126
12173
12109
12189
12205
12161
12153
12222
12098
12239
12110
12179
12231
12113
12108
12210
12148
12153
12119
12170
12169
12127
12141
12225
12181
12154
12166
12130
12188
12162
12169
12213
12115
12212
12216
12163
12122
12222
12209
12212
12235
12182
12120
12145
12190
12179
12126
12239
12213
12221
12163
12152
12204
12133
12149
12203
12132
12191
12240
12240
12151
12214
12153
12201
12205
12186
